#include "bayes_har_config.h"
float MEANS[NUM_CLASSES][NUM_FEATURES] = {{ 4.75224429e-01, 8.62951748e+00, 8.56617385e-01, 4.15469121e+01,
   7.67256532e+01, 4.49584323e+01, 1.73348067e+01, 2.28537396e+01,
   1.51856423e+01, 6.36050117e+01},
 {-6.17013828e-01, 4.80867517e+00,-2.03176018e-01, 3.68468809e+01,
   5.31012917e+01, 3.50036232e+01, 4.72083971e+01, 5.12163790e+01,
   3.12517554e+01, 1.11762150e+02},
 { 1.16183734e+00, 2.16291376e+00, 6.86069881e+00, 4.02963690e+01,
   5.55780177e+01, 7.75112856e+01, 9.89456907e-01, 9.21983131e-01,
   6.80338621e-01, 2.22894355e+00},
 {-2.26986768e+00, 8.90298490e+00, 5.62886993e-01, 1.37198007e+01,
   7.99975093e+01, 4.87185554e+01, 1.42207541e+00, 8.13262894e-01,
   1.69740865e+00, 3.86968481e+00},
 { 4.37292788e-01, 8.07034769e+00, 3.80481612e-01, 4.21530612e+01,
   7.52782931e+01, 3.99452690e+01, 1.67363159e+01, 2.23933647e+01,
   1.47556315e+01, 5.76616355e+01},
 { 1.52139797e+00, 8.76676630e+00, 7.00392947e-02, 4.66254072e+01,
   7.82375345e+01, 3.43487848e+01, 2.28242313e+01, 2.48618137e+01,
   2.02939333e+01, 6.42164769e+01}};
const float CLASS_PRIORS[NUM_CLASSES] = {0.08423369,0.31752701,0.05097039,0.04016607,0.10784314,0.3992597 };
const float INV_COVS[NUM_CLASSES][NUM_FEATURES][NUM_FEATURES] = {{{ 6.74774437e-01, 3.09172906e-01, 1.56182218e-01,-9.86082935e-02,
   -9.49992578e-02, 6.75813552e-03, 2.59566205e-02,-2.06406448e-02,
   -2.31968269e-02,-7.61529228e-03},
  { 3.09172906e-01, 1.67729100e+00, 3.34101134e-01,-3.28470143e-02,
   -4.11075219e-01, 1.29079654e-03, 7.04218480e-02,-4.74702258e-02,
   -9.86792574e-02, 7.44597690e-03},
  { 1.56182218e-01, 3.34101134e-01, 3.70312722e+00,-1.54115540e-02,
   -9.37313872e-02,-2.62138272e-01, 1.09929634e-01,-7.97645828e-02,
   -4.00848782e-02,-3.66368026e-02},
  {-9.86082935e-02,-3.28470143e-02,-1.54115540e-02, 1.67366231e-02,
    1.17606878e-02,-1.65192961e-03,-5.04104763e-03, 2.78177145e-03,
    9.29584360e-04, 1.99983305e-03},
  {-9.49992578e-02,-4.11075219e-01,-9.37313872e-02, 1.17606878e-02,
    1.12692895e-01, 1.38026844e-04,-1.70884465e-02, 1.77472823e-02,
    2.07514671e-02,-9.32498236e-04},
  { 6.75813552e-03, 1.29079654e-03,-2.62138272e-01,-1.65192961e-03,
    1.38026844e-04, 2.26436698e-02,-2.93629871e-03, 1.03103642e-03,
   -1.91458335e-03, 3.54776560e-03},
  { 2.59566205e-02, 7.04218480e-02, 1.09929634e-01,-5.04104763e-03,
   -1.70884465e-02,-2.93629871e-03, 5.77605815e-02,-1.62560656e-03,
    1.34810245e-02,-1.98521056e-02},
  {-2.06406448e-02,-4.74702258e-02,-7.97645828e-02, 2.78177145e-03,
    1.77472823e-02, 1.03103642e-03,-1.62560656e-03, 4.88748483e-02,
    1.00386925e-02,-9.24596891e-03},
  {-2.31968269e-02,-9.86792574e-02,-4.00848782e-02, 9.29584360e-04,
    2.07514671e-02,-1.91458335e-03, 1.34810245e-02, 1.00386925e-02,
    1.19343467e-01,-3.45089794e-02},
  {-7.61529228e-03, 7.44597690e-03,-3.66368026e-02, 1.99983305e-03,
   -9.32498236e-04, 3.54776560e-03,-1.98521056e-02,-9.24596891e-03,
   -3.45089794e-02, 1.93633824e-02}},

 {{ 3.37730992e-01, 2.29892093e-02,-2.61880244e-01,-9.52109082e-02,
   -5.05905717e-03, 4.67144590e-02, 1.11741098e-02,-7.30228199e-04,
    6.89047968e-03,-1.02914661e-02},
  { 2.29892093e-02, 4.77441610e-01,-3.05597575e-01,-9.94764674e-03,
   -1.44183791e-01, 4.32271490e-02, 1.03753510e-02,-1.40510350e-02,
    2.04164388e-02,-2.21744735e-02},
  {-2.61880244e-01,-3.05597575e-01, 2.40746336e+00, 6.27115751e-02,
    9.95348519e-02,-2.76294983e-01, 6.75063891e-04, 1.75066007e-02,
    3.57451645e-02, 2.02156102e-02},
  {-9.52109082e-02,-9.94764674e-03, 6.27115751e-02, 3.10781875e-02,
    1.85822706e-03,-1.31858001e-02,-2.84767496e-03, 6.17757362e-05,
   -1.28270266e-03, 2.54059270e-03},
  {-5.05905717e-03,-1.44183791e-01, 9.95348519e-02, 1.85822706e-03,
    4.99984637e-02,-1.18466883e-02,-8.29467854e-04, 4.13984593e-03,
   -7.94969352e-03, 7.31451379e-03},
  { 4.67144590e-02, 4.32271490e-02,-2.76294983e-01,-1.31858001e-02,
   -1.18466883e-02, 4.44820640e-02, 1.80337584e-03,-2.42499091e-03,
   -5.84864199e-03,-1.79427988e-03},
  { 1.11741098e-02, 1.03753510e-02, 6.75063891e-04,-2.84767496e-03,
   -8.29467854e-04, 1.80337584e-03, 5.92127227e-03, 8.65610362e-05,
    8.74548005e-04,-1.99372165e-03},
  {-7.30228199e-04,-1.40510350e-02, 1.75066007e-02, 6.17757362e-05,
    4.13984593e-03,-2.42499091e-03, 8.65610362e-05, 7.24396272e-03,
   -7.99955205e-04,-5.50998309e-06},
  { 6.89047968e-03, 2.04164388e-02, 3.57451645e-02,-1.28270266e-03,
   -7.94969352e-03,-5.84864199e-03, 8.74548005e-04,-7.99955205e-04,
    1.42797424e-02,-4.05369388e-03},
  {-1.02914661e-02,-2.21744735e-02, 2.02156102e-02, 2.54059270e-03,
    7.31451379e-03,-1.79427988e-03,-1.99372165e-03,-5.50998309e-06,
   -4.05369388e-03, 5.18087868e-03}},

 {{ 2.16742807e-01, 3.82521641e-02, 6.21482111e-02,-1.93615947e-02,
   -1.11160201e-03,-2.45112153e-02,-1.69200597e-02, 3.00700871e-02,
   -3.46581675e-02, 8.33136860e-03},
  { 3.82521641e-02, 5.88013073e-01, 2.94184686e-01, 3.52541627e-03,
   -4.93584945e-02,-4.67930414e-02,-1.95331853e-01, 1.78758808e-01,
   -1.67206081e-01, 3.84840095e-02},
  { 6.21482111e-02, 2.94184686e-01, 4.08910426e-01, 5.59484153e-03,
   -3.04064850e-02,-7.18203660e-02,-5.99658024e-02,-2.74963477e-02,
   -2.14397306e-02, 5.14898993e-02},
  {-1.93615947e-02, 3.52541627e-03, 5.59484153e-03, 2.80687330e-03,
   -7.11754308e-04,-3.05285792e-05, 3.72175178e-03, 2.12855726e-03,
   -4.49272871e-03, 1.56726805e-03},
  {-1.11160201e-03,-4.93584945e-02,-3.04064850e-02,-7.11754308e-04,
    5.16493149e-03, 4.19204728e-03, 1.01717101e-02,-1.56980211e-02,
    1.54808947e-02,-3.18820246e-03},
  {-2.45112153e-02,-4.67930414e-02,-7.18203660e-02,-3.05285792e-05,
    4.19204728e-03, 1.96929785e-02, 1.47867862e-02, 1.30663708e-03,
    1.07191694e-02,-1.01315368e-02},
  {-1.69200597e-02,-1.95331853e-01,-5.99658024e-02, 3.72175178e-03,
    1.01717101e-02, 1.47867862e-02, 2.37165219e+00,-1.18010920e+00,
    1.08316486e+00,-8.28351007e-01},
  { 3.00700871e-02, 1.78758808e-01,-2.74963477e-02, 2.12855726e-03,
   -1.56980211e-02, 1.30663708e-03,-1.18010920e+00, 1.96691836e+00,
   -1.30356229e+00, 2.21134184e-01},
  {-3.46581675e-02,-1.67206081e-01,-2.14397306e-02,-4.49272871e-03,
    1.54808947e-02, 1.07191694e-02, 1.08316486e+00,-1.30356229e+00,
    2.33872038e+00,-9.51870179e-01},
  { 8.33136860e-03, 3.84840095e-02, 5.14898993e-02, 1.56726805e-03,
   -3.18820246e-03,-1.01315368e-02,-8.28351007e-01, 2.21134184e-01,
   -9.51870179e-01, 7.15870789e-01}},

 {{ 1.49466557e+00,-2.69944202e+00,-3.16675294e-01,-4.77391800e-02,
    3.92150730e+00, 4.51528038e-03, 4.80670949e-02,-5.15809083e-01,
    8.98733358e-03, 1.16124677e-01},
  {-2.69944202e+00, 6.36642555e+00, 2.02736678e-01, 6.96358908e-02,
    4.62485602e+00,-4.40579727e-03,-7.66529226e-01, 3.59986065e+00,
    6.87954595e-02,-4.64246244e-01},
  {-3.16675294e-01, 2.02736678e-01, 2.95034571e+00, 4.02471470e-02,
   -2.17464161e+00,-8.52551097e-02,-1.75041638e-01,-4.03824294e-01,
   -1.37886460e-02, 9.55256937e-02},
  {-4.77391800e-02, 6.96358908e-02, 4.02471470e-02, 3.19843487e-03,
   -1.12650021e-01,-1.02286466e-03,-4.15975818e-03,-2.28431489e-03,
    1.99621803e-03,-9.81763797e-04},
  { 3.92150730e+00, 4.62485602e+00,-2.17464161e+00,-1.12650021e-01,
    6.88339179e+02, 1.08315793e-01,-1.21061393e+01, 5.13399126e+01,
   -2.40686471e+00,-3.04723969e+00},
  { 4.51528038e-03,-4.40579727e-03,-8.52551097e-02,-1.02286466e-03,
    1.08315793e-01, 3.34184189e-03,-1.66340210e-03, 1.61999528e-02,
   -2.26538563e-03, 7.35409608e-04},
  { 4.80670949e-02,-7.66529226e-01,-1.75041638e-01,-4.15975818e-03,
   -1.21061393e+01,-1.66340210e-03, 3.45400111e+00,-9.22770000e-01,
   -2.12440229e-01,-9.83810771e-01},
  {-5.15809083e-01, 3.59986065e+00,-4.03824294e-01,-2.28431489e-03,
    5.13399126e+01, 1.61999528e-02,-9.22770000e-01, 1.34298396e+01,
    3.02532025e-01,-2.49288194e+00},
  { 8.98733358e-03, 6.87954595e-02,-1.37886460e-02, 1.99621803e-03,
   -2.40686471e+00,-2.26538563e-03,-2.12440229e-01, 3.02532025e-01,
    8.52980612e-01,-4.17426327e-01},
  { 1.16124677e-01,-4.64246244e-01, 9.55256937e-02,-9.81763797e-04,
   -3.04723969e+00, 7.35409608e-04,-9.83810771e-01,-2.49288194e+00,
   -4.17426327e-01, 1.18208012e+00}},

 {{ 3.98758034e-01, 1.62526256e-01,-1.22709960e-01,-5.60740292e-02,
   -5.38352250e-02, 1.40294030e-02, 2.37980217e-02,-1.49146238e-04,
   -1.56772397e-02,-2.94493283e-03},
  { 1.62526256e-01, 9.09223479e-01, 3.61871794e-01,-1.29491878e-02,
   -2.18344877e-01,-2.04114609e-02, 5.53405255e-02,-8.76174098e-02,
   -5.42904161e-03,-7.60121090e-03},
  {-1.22709960e-01, 3.61871794e-01, 4.54534351e+00,-4.93135094e-03,
   -3.40920535e-02,-3.36243341e-01, 2.49707514e-02,-1.26914390e-01,
   -1.02614588e-01, 1.18171118e-02},
  {-5.60740292e-02,-1.29491878e-02,-4.93135094e-03, 9.85208249e-03,
    3.98247837e-03,-2.97105055e-04,-2.69337126e-03, 5.53337537e-04,
    5.65041120e-03,-6.83754463e-04},
  {-5.38352250e-02,-2.18344877e-01,-3.40920535e-02, 3.98247837e-03,
    7.86042898e-02, 1.83103799e-03,-2.16032282e-03, 2.25751056e-02,
   -4.55326794e-03, 4.74224687e-03},
  { 1.40294030e-02,-2.04114609e-02,-3.36243341e-01,-2.97105055e-04,
    1.83103799e-03, 2.79066213e-02, 1.07126383e-03, 6.99269203e-03,
    1.30418420e-03,-1.88111842e-04},
  { 2.37980217e-02, 5.53405255e-02, 2.49707514e-02,-2.69337126e-03,
   -2.16032282e-03, 1.07126383e-03, 3.62199409e-02, 2.61042669e-03,
   -3.62810980e-03,-1.27981956e-02},
  {-1.49146238e-04,-8.76174098e-02,-1.26914390e-01, 5.53337537e-04,
    2.25751056e-02, 6.99269203e-03, 2.61042669e-03, 3.92651649e-02,
    3.43215234e-03,-1.14142270e-02},
  {-1.56772397e-02,-5.42904161e-03,-1.02614588e-01, 5.65041120e-03,
   -4.55326794e-03, 1.30418420e-03,-3.62810980e-03, 3.43215234e-03,
    9.14037990e-02,-1.28560361e-02},
  {-2.94493283e-03,-7.60121090e-03, 1.18171118e-02,-6.83754463e-04,
    4.74224687e-03,-1.88111842e-04,-1.27981956e-02,-1.14142270e-02,
   -1.28560361e-02, 1.43286713e-02}},

 {{ 8.35000356e-01, 5.04004858e-01,-1.51176839e-01,-1.21178944e-01,
   -1.87315704e-01, 3.32572753e-02,-1.09527794e-02,-2.31452964e-02,
    1.23795017e-02,-2.64116016e-02},
  { 5.04004858e-01, 1.10399919e+00, 4.10462643e-01,-6.36320737e-02,
   -3.37692680e-01,-2.12273993e-02, 4.06203841e-02,-9.78695830e-02,
    5.21258904e-03,-4.95688875e-02},
  {-1.51176839e-01, 4.10462643e-01, 4.27924483e+00, 1.88672257e-02,
   -6.04739653e-02,-2.76571952e-01, 5.89185409e-02,-2.14589760e-02,
    4.24309185e-03,-2.19931576e-02},
  {-1.21178944e-01,-6.36320737e-02, 1.88672257e-02, 1.99551734e-02,
    2.32384026e-02,-5.02516118e-03, 8.92835429e-04, 6.48053112e-03,
   -2.55526180e-04, 3.37063746e-03},
  {-1.87315704e-01,-3.37692680e-01,-6.04739653e-02, 2.32384026e-02,
    1.48613787e-01, 2.06089616e-03,-9.03462334e-03, 2.56677910e-02,
    2.54177688e-03, 1.78884028e-02},
  { 3.32572753e-02,-2.12273993e-02,-2.76571952e-01,-5.02516118e-03,
    2.06089616e-03, 2.64681002e-02,-2.24154849e-03,-3.70049314e-04,
   -2.68072491e-03, 5.02554464e-03},
  {-1.09527794e-02, 4.06203841e-02, 5.89185409e-02, 8.92835429e-04,
   -9.03462334e-03,-2.24154849e-03, 3.00968800e-02,-3.73093310e-03,
    1.10453550e-02,-1.31853329e-02},
  {-2.31452964e-02,-9.78695830e-02,-2.14589760e-02, 6.48053112e-03,
    2.56677910e-02,-3.70049314e-04,-3.73093310e-03, 5.98156494e-02,
    4.78178019e-04,-4.50761095e-03},
  { 1.23795017e-02, 5.21258904e-03, 4.24309185e-03,-2.55526180e-04,
    2.54177688e-03,-2.68072491e-03, 1.10453550e-02, 4.78178019e-04,
    5.02735828e-02,-1.43194747e-02},
  {-2.64116016e-02,-4.95688875e-02,-2.19931576e-02, 3.37063746e-03,
    1.78884028e-02, 5.02554464e-03,-1.31853329e-02,-4.50761095e-03,
   -1.43194747e-02, 1.84986685e-02}}};
const float DETS[NUM_CLASSES] = {5.48503158e+12,1.29020696e+16,3.55696298e+10,2.04091144e+02,
 5.35344050e+13,2.12130118e+12};
